# Exported from blender at Thursday, 2021-10-14
filedependancy p_dummy.blend
newmodel p_dummy
setsupermodel p_dummy NULL
classification Other
classification_unk1 0
ignorefog 0
setanimationscale 1.0
beginmodelgeom p_dummy
node dummy p_dummy
  parent NULL
endnode
node dummy camerahook
  parent p_dummy
  scale 1.0
  position  0  0  1.5
  orientation  0  1  0  0
  wirecolor 1.0 1.0 1.0
endnode
node trimesh mesh
  parent p_dummy
  position  0  0  1
  orientation  0  1  0  0
  wirecolor 1.0 1.0 1.0
  ambient 1.0 1.0 1.0
  alpha 1.0
  diffuse 0.0 0.0 0.0
  tangentspace 0
  bitmap NULL
  bitmap2 NULL
  selfillumcolor 0.0 0.0 0.0
  render 1
  shadow 1
  lightmapped 0
  beaming 0
  inheritcolor 0
  m_bIsBackgroundGeometry 0
  dirt_enabled 0
  dirt_texture 1
  dirt_worldspace 1
  hologram_donotdraw 0
  animateuv 0
  uvdirectionx 1.0
  uvdirectiony 1.0
  uvjitter 0.0
  uvjitterspeed 0.0
  transparencyhint 0
  verts 62
     0  0.5  0.8660254
     0  0.8660254  0.5
     0  1 -0
     0  0.5000001 -0.8660254
     0.25  0.4330127  0.8660254
     0.4330128  0.75  0.5
     0.5000001  0.8660254 -0
     0.4330127  0.75 -0.5000001
     0.2500001  0.4330128 -0.8660254
     0.4330128  0.25  0.8660254
     0.7500001  0.4330127  0.5
     0.8660255  0.5 -0
     0.7500001  0.4330127 -0.5000001
     0.4330128  0.25 -0.8660254
     0.5000001 -1e-07  0.8660254
     0.8660255 -1e-07  0.5
     1 -1e-07 -0
     0.8660255 -1e-07 -0.5000001
     0.5000001 -1e-07 -0.8660254
     0.4330128 -0.2500001  0.8660254
     0.7500001 -0.4330128  0.5
     0.8660254 -0.5000001 -0
     0.7500001 -0.4330128 -0.5000001
     0.4330128 -0.2500001 -0.8660254
     0.25 -0.4330128  0.8660254
     0.4330127 -0.7500001  0.5
     0.5 -0.8660254 -0
     0.4330127 -0.7500001 -0.5000001
     0.25 -0.4330129 -0.8660254
    -0 -2e-07  1
     0 -0.5000001  0.8660254
    -0 -0.8660255  0.5
     0 -1 -0
    -0 -0.8660255 -0.5000001
    -0 -0.5000002 -0.8660254
    -0.25 -0.4330128  0.8660254
    -0.4330127 -0.7500001  0.5
    -0.5 -0.8660254 -0
    -0.4330127 -0.7500001 -0.5000001
    -0.2500001 -0.4330128 -0.8660254
     0 -1e-07 -1
    -0.4330126 -0.2500001  0.8660254
    -0.7499999 -0.4330127  0.5
    -0.8660253 -0.5 -0
    -0.7499999 -0.4330127 -0.5000001
    -0.4330128 -0.2500001 -0.8660254
    -0.4999999 -1e-07  0.8660254
    -0.8660253 -0  0.5
    -0.9999998 -1e-07 -0
    -0.8660253 -0 -0.5000001
    -0.5000001 -0 -0.8660254
    -0.4330126  0.2499999  0.8660254
    -0.7499998  0.4330126  0.5
    -0.8660252  0.4999999 -0
    -0.7499998  0.4330126 -0.5000001
    -0.4330128  0.25 -0.8660254
    -0.25  0.4330125  0.8660254
    -0.4330126  0.7499998  0.5
    -0.4999999  0.8660252 -0
    -0.4330126  0.7499998 -0.5000001
    -0.25  0.4330127 -0.8660254
     1e-07  0.8660252 -0.5000001
  faces 120
    40  3  8  1   0  1  2   0
     2  7 61  1   3  4  5   0
     0  5  1  1   6  7  8   0
    61  8  3  1   5  2  1   0
     1  6  2  1   8  9  3   0
     0 29  4  1   6 10 11   0
     7 13  8  1   4 12  2   0
     5 11  6  1   7 13  9   0
     4 29  9  1  11 14 15   0
    40  8 13  1  16  2 12   0
     6 12  7  1   9 17  4   0
     4 10  5  1  11 18  7   0
    12 18 13  1  17 19 12   0
    10 16 11  1  18 20 13   0
     9 29 14  1  15 21 22   0
    40 13 18  1  23 12 19   0
    11 17 12  1  13 24 17   0
    10 14 15  1  18 22 25   0
    18 22 23  1  19 26 27   0
    15 21 16  1  25 28 20   0
    14 29 19  1  22 29 30   0
    40 18 23  1  31 19 27   0
    16 22 17  1  20 26 24   0
    14 20 15  1  22 32 25   0
    22 28 23  1  26 33 27   0
    20 26 21  1  32 34 28   0
    19 29 24  1  30 35 36   0
    40 23 28  1  37 27 33   0
    22 26 27  1  26 34 38   0
    19 25 20  1  30 39 32   0
    25 32 26  1  39 40 34   0
    24 29 30  1  36 41 42   0
    40 28 34  1  43 33 44   0
    27 32 33  1  38 40 45   0
    24 31 25  1  36 46 39   0
    27 34 28  1  38 44 33   0
    30 29 35  1  42 47 48   0
    40 34 39  1  49 44 50   0
    32 38 33  1  40 51 45   0
    30 36 31  1  42 52 46   0
    34 38 39  1  44 51 50   0
    31 37 32  1  46 53 40   0
    40 39 45  1  54 50 55   0
    37 44 38  1  53 56 51   0
    36 41 42  1  52 57 58   0
    39 44 45  1  50 56 55   0
    36 43 37  1  52 59 53   0
    35 29 41  1  48 60 57   0
    40 45 50  1  61 55 62   0
    43 49 44  1  59 63 56   0
    41 47 42  1  57 64 58   0
    44 50 45  1  56 62 55   0
    42 48 43  1  58 65 59   0
    41 29 46  1  57 66 67   0
    40 50 55  1  68 69 70   0
    48 54 49  1  71 72 73   0
    47 51 52  1  74 75 76   0
    49 55 50  1  73 70 69   0
    47 53 48  1  74 77 71   0
    46 29 51  1  78 79 75   0
    53 59 54  1  77 80 72   0
    51 57 52  1  75 81 76   0
    54 60 55  1  72 82 70   0
    52 58 53  1  76 83 77   0
    51 29 56  1  75 84 85   0
    40 55 60  1  86 70 82   0
    57  0  1  1  81  6  8   0
    59  3 60  1  80  1 82   0
    57  2 58  1  81  3 83   0
    56 29  0  1  85 87  6   0
    40 60  3  1  88 82  1   0
    58 61 59  1  83  5 80   0
     2  6  7  1   3  9  4   0
     0  4  5  1   6 11  7   0
    61  7  8  1   5  4  2   0
     1  5  6  1   8  7  9   0
     7 12 13  1   4 17 12   0
     5 10 11  1   7 18 13   0
     6 11 12  1   9 13 17   0
     4  9 10  1  11 15 18   0
    12 17 18  1  17 24 19   0
    10 15 16  1  18 25 20   0
    11 16 17  1  13 20 24   0
    10  9 14  1  18 15 22   0
    18 17 22  1  19 24 26   0
    15 20 21  1  25 32 28   0
    16 21 22  1  20 28 26   0
    14 19 20  1  22 30 32   0
    22 27 28  1  26 38 33   0
    20 25 26  1  32 39 34   0
    22 21 26  1  26 28 34   0
    19 24 25  1  30 36 39   0
    25 31 32  1  39 46 40   0
    27 26 32  1  38 34 40   0
    24 30 31  1  36 42 46   0
    27 33 34  1  38 45 44   0
    32 37 38  1  40 53 51   0
    30 35 36  1  42 48 52   0
    34 33 38  1  44 45 51   0
    31 36 37  1  46 52 53   0
    37 43 44  1  53 59 56   0
    36 35 41  1  52 48 57   0
    39 38 44  1  50 51 56   0
    36 42 43  1  52 58 59   0
    43 48 49  1  59 65 63   0
    41 46 47  1  57 67 64   0
    44 49 50  1  56 63 62   0
    42 47 48  1  58 64 65   0
    48 53 54  1  71 77 72   0
    47 46 51  1  74 78 75   0
    49 54 55  1  73 72 70   0
    47 52 53  1  74 76 77   0
    53 58 59  1  77 83 80   0
    51 56 57  1  75 85 81   0
    54 59 60  1  72 80 82   0
    52 57 58  1  76 81 83   0
    57 56  0  1  81 85  6   0
    59 61  3  1  80  5  1   0
    57  1  2  1  81  8  3   0
    58  2 61  1  83  3  5   0
  tverts 89
     0.7083333  0
     0.75  0.1666667
     0.6666666  0.1666667
     0.75  0.5
     0.6666666  0.3333333
     0.75  0.3333333
     0.75  0.8333333
     0.6666666  0.6666666
     0.75  0.6666666
     0.6666666  0.5
     0.7083333  1
     0.6666666  0.8333333
     0.5833333  0.1666667
     0.5833333  0.5
     0.6249999  1
     0.5833333  0.8333333
     0.625  0
     0.5833333  0.3333333
     0.5833333  0.6666666
     0.4999999  0.1666667
     0.4999999  0.5
     0.5416666  1
     0.4999999  0.8333333
     0.5416666  0
     0.5  0.3333333
     0.5  0.6666666
     0.4166666  0.3333333
     0.4166666  0.1666667
     0.4166666  0.5
     0.4583333  1
     0.4166666  0.8333333
     0.4583333  0
     0.4166666  0.6666666
     0.3333333  0.1666668
     0.3333333  0.5
     0.3749999  1
     0.3333333  0.8333333
     0.3749999  0
     0.3333333  0.3333333
     0.3333333  0.6666666
     0.25  0.5
     0.2916667  1
     0.25  0.8333333
     0.2916666  0
     0.25  0.1666668
     0.25  0.3333333
     0.25  0.6666666
     0.2083333  1
     0.1666667  0.8333333
     0.2083333  0
     0.1666666  0.1666667
     0.1666666  0.3333333
     0.1666666  0.6666666
     0.1666666  0.5
     0.125  0
     0.0833333  0.1666667
     0.0833333  0.3333333
     0.0833333  0.8333333
     0.0833333  0.6666666
     0.0833333  0.5
     0.125  1
     0.0416667  0
     0  0.1666667
     0  0.3333333
     0  0.6666667
     0  0.5
     0.0416667  1
     0  0.8333334
     0.9583334  0
     1  0.1666667
     0.9166666  0.1666667
     1  0.5
     0.9166666  0.3333333
     1  0.3333333
     1  0.6666667
     0.9166666  0.8333334
     0.9166666  0.6666667
     0.9166666  0.5
     1  0.8333334
     0.9583334  1
     0.8333334  0.3333333
     0.8333334  0.6666667
     0.8333334  0.1666667
     0.8333334  0.5
     0.875  1
     0.8333334  0.8333334
     0.875  0
     0.7916666  1
     0.7916666  0
endnode
endmodelgeom p_dummy

# ANIM ASCII
donemodel p_dummy
